# Catppuccin Mocha theme for GNU dircolors
# https://github.com/catppuccin/catppuccin

# Core defaults
RESET 0
DIR 38;2;137;180;250;1
LINK 38;2;148;226;213
MULTIHARDLINK 38;2;148;226;213
FIFO 38;2;249;226;175
SOCK 38;2;203;166;247
DOOR 38;2;203;166;247
BLK 38;2;250;179;135;1
CHR 38;2;249;226;175;1
ORPHAN 38;2;243;139;168;1;4
MISSING 38;2;243;139;168;9
SETUID 38;2;30;30;46;48;2;243;139;168
SETGID 38;2;30;30;46;48;2;249;226;175
CAPABILITY 38;2;30;30;46;48;2;243;139;168
STICKY_OTHER_WRITABLE 38;2;30;30;46;48;2;166;227;161
OTHER_WRITABLE 38;2;137;180;250;48;2;69;71;90
STICKY 38;2;205;214;244;48;2;69;71;90
EXEC 38;2;166;227;161;1

# Archives — Peach
.tar 38;2;250;179;135
.tgz 38;2;250;179;135
.arc 38;2;250;179;135
.arj 38;2;250;179;135
.taz 38;2;250;179;135
.lha 38;2;250;179;135
.lz4 38;2;250;179;135
.lzh 38;2;250;179;135
.lzma 38;2;250;179;135
.tlz 38;2;250;179;135
.txz 38;2;250;179;135
.tzo 38;2;250;179;135
.t7z 38;2;250;179;135
.zip 38;2;250;179;135
.z 38;2;250;179;135
.dz 38;2;250;179;135
.gz 38;2;250;179;135
.lrz 38;2;250;179;135
.lz 38;2;250;179;135
.lzo 38;2;250;179;135
.xz 38;2;250;179;135
.zst 38;2;250;179;135
.tzst 38;2;250;179;135
.bz2 38;2;250;179;135
.bz 38;2;250;179;135
.tbz 38;2;250;179;135
.tbz2 38;2;250;179;135
.tz 38;2;250;179;135
.deb 38;2;250;179;135
.rpm 38;2;250;179;135
.jar 38;2;250;179;135
.war 38;2;250;179;135
.ear 38;2;250;179;135
.sar 38;2;250;179;135
.rar 38;2;250;179;135
.alz 38;2;250;179;135
.ace 38;2;250;179;135
.zoo 38;2;250;179;135
.cpio 38;2;250;179;135
.7z 38;2;250;179;135
.rz 38;2;250;179;135
.cab 38;2;250;179;135
.whl 38;2;250;179;135

# Images — Mauve
.jpg 38;2;203;166;247
.jpeg 38;2;203;166;247
.mjpg 38;2;203;166;247
.mjpeg 38;2;203;166;247
.gif 38;2;203;166;247
.bmp 38;2;203;166;247
.pbm 38;2;203;166;247
.pgm 38;2;203;166;247
.ppm 38;2;203;166;247
.tga 38;2;203;166;247
.xbm 38;2;203;166;247
.xpm 38;2;203;166;247
.tif 38;2;203;166;247
.tiff 38;2;203;166;247
.png 38;2;203;166;247
.svg 38;2;203;166;247
.svgz 38;2;203;166;247
.ico 38;2;203;166;247
.webp 38;2;203;166;247

# Video — Pink
.mov 38;2;245;194;231
.mpg 38;2;245;194;231
.mpeg 38;2;245;194;231
.m2v 38;2;245;194;231
.mkv 38;2;245;194;231
.webm 38;2;245;194;231
.ogm 38;2;245;194;231
.mp4 38;2;245;194;231
.m4v 38;2;245;194;231
.mp4v 38;2;245;194;231
.vob 38;2;245;194;231
.qt 38;2;245;194;231
.nuv 38;2;245;194;231
.wmv 38;2;245;194;231
.asf 38;2;245;194;231
.rm 38;2;245;194;231
.rmvb 38;2;245;194;231
.flc 38;2;245;194;231
.avi 38;2;245;194;231
.fli 38;2;245;194;231
.flv 38;2;245;194;231
.gl 38;2;245;194;231
.dl 38;2;245;194;231
.xcf 38;2;245;194;231
.xwd 38;2;245;194;231
.yuv 38;2;245;194;231
.cgm 38;2;245;194;231
.emf 38;2;245;194;231
.ogv 38;2;245;194;231

# Audio — Flamingo
.aac 38;2;242;205;205
.au 38;2;242;205;205
.flac 38;2;242;205;205
.m4a 38;2;242;205;205
.mid 38;2;242;205;205
.midi 38;2;242;205;205
.mka 38;2;242;205;205
.mp3 38;2;242;205;205
.mpc 38;2;242;205;205
.ogg 38;2;242;205;205
.ra 38;2;242;205;205
.wav 38;2;242;205;205
.oga 38;2;242;205;205
.opus 38;2;242;205;205
.spx 38;2;242;205;205
.xspf 38;2;242;205;205

# Documents — Lavender
.pdf 38;2;180;190;254
.doc 38;2;180;190;254
.docx 38;2;180;190;254
.odt 38;2;180;190;254
.ppt 38;2;180;190;254
.pptx 38;2;180;190;254
.xls 38;2;180;190;254
.xlsx 38;2;180;190;254
.csv 38;2;180;190;254

# Source / Config — Subtext0 (muted)
.py 38;2;166;173;200
.js 38;2;166;173;200
.ts 38;2;166;173;200
.rs 38;2;166;173;200
.go 38;2;166;173;200
.c 38;2;166;173;200
.h 38;2;166;173;200
.cpp 38;2;166;173;200
.java 38;2;166;173;200
.sh 38;2;166;173;200
.bash 38;2;166;173;200
.zsh 38;2;166;173;200
.yaml 38;2;166;173;200
.yml 38;2;166;173;200
.toml 38;2;166;173;200
.json 38;2;166;173;200
.xml 38;2;166;173;200
.html 38;2;166;173;200
.css 38;2;166;173;200
.md 38;2;166;173;200
.txt 38;2;166;173;200
.cfg 38;2;166;173;200
.conf 38;2;166;173;200
.ini 38;2;166;173;200
.env 38;2;166;173;200
.lock 38;2;108;112;134
